00100100000000000000000000000001
00001111110111010000000000000000
00001111110111100000000000000101
00001111110111100000000000000001
00001111110111100000000000000001
00001100000000010000000000000000
00001011101000010000000000000101
00001100000000100000000000000000
00001011101000100000000000000110
00001100000000110000000000011111
00001100000001000000000000000000
00001100100001010000000000000000
00001000101000110000000000000000
00001100000001100000000000000001
00001100000001110000000000000001
00001100111010000000000000000000
00001001000001100000000000000000
00111000000000000000000000000000
00000000000111000100100000000011
00001100000010100000000001001001
00001100000010110000000000000010
00001101011011000000000000000000
00001001100010100000000000000000
00001100000011010000000000010110
00001100000011100000000000000011
00001101110011110000000000000000
00001001111011010000000000000000
00001100000100000000000000000111
00001100000100010000000000000100
00001110001100100000000000000000
00001010010100000000000000000000
00111100000000000000000000000000
00000000000111001001100000000011
00000111101101000000000000000101
00001100000101010000000000000101
00000010100101011011000000000110
00010100000101100000000000010000
00000111101101110000000000000101
00001110111110000000000000000000
00000111000110010000000000000000
00000111101110100000000000000110
00000011001110101101100000001000
00010100000110110000000000000101
00000111101111000000000000000101
00001111100000010000000000000000
00000111101000010000000000000000
00001011101000010000000000000110
00100100000000000000000000110000
00000111101000010000000000000101
00001100000000100000000000000001
00000000001000100001100000000011
00001011101000110000000000000101
00100100000000000000000000100001
00000111101000010000000000000110
00110100001000000000000000000000
11111100000000000000000000000000
